YEAR;MONTH;DAY;HOUR;MINUTES;SECONDS;LONGITUDE;LATITUDE;DEPTH;MAG_TYPE;MAG;EVENT_NAME
2017; 9; 8; 4;54;32.00;-110.0865;  37.4043;  9.8;ml   ;4.3;UTAH
2017; 9; 8; 4;49;17.00; -93.8070;  15.0286; 35.0;Mww  ;8.0;NEAR COAST OF CHIAPAS, MEXICO
2017; 9; 8; 3;24; 7.00;-169.2284;  52.3276; 34.8;mb   ;4.7;FOX ISLANDS, ALEUTIAN ISLANDS
2017; 9; 7;17;36;15.00;-179.9484; -25.7436;479.5;mb   ;5.0;SOUTH OF FIJI ISLANDS
2017; 9; 7;17;26;49.00; 139.8112;  27.7643;448.2;Mww  ;6.1;BONIN ISLANDS, JAPAN REGION
2017; 9; 7;16;24;34.00; 125.0555;  25.9060;135.5;mb   ;4.3;SOUTHWESTERN RYUKYU ISL., JAPAN
2017; 9; 7;14;32; 3.00;  90.2279;  25.2750; 36.7;mb   ;4.1;INDIA-BANGLADESH BORDER REGION
2017; 9; 7;12;13;38.00;-111.4273;  42.5868;  5.6;Mwr  ;4.1;EASTERN IDAHO
2017; 9; 7; 8;42;32.00; -88.2548;  12.6541; 51.2;mb   ;4.7;OFF COAST OF CENTRAL AMERICA
2017; 9; 7; 8; 5;54.00; -69.1098; -20.8570;111.0;mb   ;4.4;NORTHERN CHILE
2017; 9; 7; 7; 5;24.00; -93.8108;  15.0132; 10.0;mb   ;4.4;NEAR COAST OF CHIAPAS, MEXICO
2017; 9; 7; 0;24;33.00; 179.7248; -24.7462;518.6;mb   ;4.9;SOUTH OF FIJI ISLANDS
2017; 9; 6;23; 7;59.00; -67.4237; -22.2184;186.1;mb   ;4.2;CHILE-BOLIVIA BORDER REGION
2017; 9; 6;22; 0;59.00; -70.2968; -22.1753; 33.1;mb   ;4.1;NEAR COAST OF NORTHERN CHILE
2017; 9; 6;21;25;15.00; 148.8619;  48.4080;390.1;mb   ;4.1;NORTHWEST OF KURIL ISLANDS
2017; 9; 6;19; 5;48.00;-173.6489; -15.3986; 55.5;mb   ;5.1;TONGA ISLANDS
2017; 9; 6;18;17; 0.00; -74.0000; -36.6884; 10.0;mb   ;4.2;OFF COAST OF CENTRAL CHILE
2017; 9; 6;18; 7;50.00; -66.4945; -23.2501;206.6;mb   ;4.1;JUJUY PROVINCE, ARGENTINA
2017; 9; 6;13;45; 9.00; -25.2686; -57.6952; 35.0;mb   ;5.0;SOUTH SANDWICH ISLANDS REGION
2017; 9; 6;10;17;35.00; 167.6611; -15.5679;130.5;mb   ;4.7;VANUATU ISLANDS
2017; 9; 6; 8;26;30.00;-111.3017;  42.5457;  4.3;Mwr  ;4.1;EASTERN IDAHO
2017; 9; 6; 7;55;10.00;-111.4139;  42.5646;  1.9;ML   ;4.1;EASTERN IDAHO
2017; 9; 6; 4;37;44.00;-111.5234;  42.6118;  5.8;Mwr  ;4.5;EASTERN IDAHO
2017; 9; 6; 1;45;14.00;  47.7606;  41.3737; 10.0;mb   ;4.1;EASTERN CAUCASUS
2017; 9; 6; 0;10;55.00;  93.1278;  10.2420; 86.8;mb   ;5.4;ANDAMAN ISLANDS, INDIA REGION
2017; 9; 5;22;41; 1.00;  70.0371;  29.7088; 29.2;mb   ;4.4;PAKISTAN
2017; 9; 5;22;20;36.00;  59.1485;  32.8429; 10.0;mb   ;4.7;NORTHERN AND CENTRAL IRAN
2017; 9; 5;21;23;19.00;-111.4299;  42.5959;  5.0;Mwr  ;4.3;EASTERN IDAHO
2017; 9; 5;20;54;14.00;-111.4192;  42.5754;  4.7;Mwr  ;4.3;EASTERN IDAHO
2017; 9; 5;19;17;39.00; -93.8775;  15.0794; 50.2;mb   ;4.5;NEAR COAST OF CHIAPAS, MEXICO
2017; 9; 5;18;54;38.00; 130.2532;  -6.6632; 98.0;mb   ;5.0;BANDA SEA
2017; 9; 5;15;21;24.00; 126.5790;   9.9467; 10.0;mb   ;4.7;MINDANAO, PHILIPPINES
2017; 9; 5;12;28;25.00;-162.8830;  53.6100; 10.0;mb   ;4.1;SOUTH OF ALASKA
2017; 9; 5;11;28;34.00; -82.8546;   8.3592; 33.4;mb   ;4.5;PANAMA-COSTA RICA BORDER REGION
2017; 9; 5; 9;52; 0.00;-127.4131;  43.6422; 10.0;mb   ;4.3;OFF COAST OF OREGON
2017; 9; 5; 8;23;57.00;-152.9956;  55.7583; 33.1;mb   ;4.6;SOUTH OF ALASKA
2017; 9; 5; 8;13;16.00;-111.4290;  42.5924;  5.0;mb   ;4.3;EASTERN IDAHO
2017; 9; 5; 6;56;48.00; 127.8425;  26.5275; 59.2;mb   ;4.5;RYUKYU ISLANDS, JAPAN
2017; 9; 5; 2;50; 0.00; 167.9942; -16.2377;172.9;Mww  ;5.5;VANUATU ISLANDS
2017; 9; 5; 1;32;39.00;-111.4801;  42.5996;  5.0;ML   ;4.0;EASTERN IDAHO
2017; 9; 4;23;44; 1.00; -87.7591;  12.2007; 38.2;mb   ;4.3;NEAR COAST OF NICARAGUA
2017; 9; 4;23;15;59.00; -71.7308; -15.1356;125.0;mb   ;4.2;SOUTHERN PERU
2017; 9; 4;21;55;20.00; -70.0330; -19.2985; 63.3;Mwr  ;5.1;NEAR COAST OF NORTHERN CHILE
2017; 9; 4;21; 5; 3.00;-151.1979;  60.6726; 54.2;ml   ;4.1;KENAI PENINSULA, ALASKA
2017; 9; 4;20;58;44.00; -85.3985; -41.4309; 10.0;mb   ;4.7;WEST CHILE RISE
2017; 9; 4;20;33;53.00; -66.7989; -24.2084;196.5;ML   ;4.0;SALTA PROVINCE, ARGENTINA
2017; 9; 4;20;28;22.00; -72.9769;   6.7252;158.0;mb   ;4.9;NORTHERN COLOMBIA
2017; 9; 4;20;21;42.00;  71.0863;  36.5411;210.8;mb   ;4.4;AFGHANISTAN-TAJIKISTAN BORD REG.
2017; 9; 4;19;43;15.00;  91.9333;   1.1908; 10.0;mb   ;5.1;NORTH INDIAN OCEAN
2017; 9; 4;17;42; 1.00; 179.9591; -24.7203;494.4;mb   ;4.5;SOUTH OF FIJI ISLANDS
2017; 9; 4;12;38;35.00; 162.8708;  54.9053; 39.3;mb   ;4.5;NEAR EAST COAST OF KAMCHATKA
2017; 9; 4; 9;46; 0.00; 169.4271;  54.2002; 18.2;mb   ;4.8;KOMANDORSKIYE OSTROVA REGION
2017; 9; 4; 8; 7;35.00; -25.5783; -57.7886; 35.0;Mww  ;6.0;SOUTH SANDWICH ISLANDS REGION
2017; 9; 4; 6;18;14.00; -25.6321; -59.5379; 35.0;mb   ;5.0;SOUTH SANDWICH ISLANDS REGION
2017; 9; 4; 6;17; 9.00;-111.4244;  42.5882;  3.7;mb   ;4.3;EASTERN IDAHO
2017; 9; 4; 4;43;28.00; 142.9984;  21.6141;309.5;mb   ;5.0;MARIANA ISLANDS REGION
2017; 9; 4; 0;10;47.00; -68.7800; -21.0791;112.2;mb   ;4.2;CHILE-BOLIVIA BORDER REGION
2017; 9; 3;19;40;10.00;-178.1788; -20.5410;527.3;mb   ;4.5;FIJI ISLANDS REGION
2017; 9; 3;17;41;40.00;-111.4444;  42.6417;  7.1;mb   ;4.5;EASTERN IDAHO
2017; 9; 3;16;49;17.00;-111.4472;  42.6192;  5.0;Mwr  ;4.5;EASTERN IDAHO
2017; 9; 3;16;10;16.00;-179.3880; -23.2698;479.7;mb   ;4.2;SOUTH OF FIJI ISLANDS
2017; 9; 3;16; 2; 3.00;-177.7980; -14.8637;376.6;mb   ;4.2;FIJI ISLANDS REGION
2017; 9; 3;15;49;52.00; 126.3082;  -4.5495;385.2;mb   ;4.1;BANDA SEA
2017; 9; 3;15; 8;35.00; 179.1589; -37.1383;  9.5;mb   ;4.2;OFF E. COAST OF N. ISLAND, N.Z.
2017; 9; 3;13;44; 7.00;-177.9925; -20.6346;523.5;mb   ;4.4;FIJI ISLANDS REGION
2017; 9; 3;12;49; 4.00;  51.6345;  29.0544; 33.5;mb   ;4.7;SOUTHERN IRAN
2017; 9; 3;11;55;51.00; 126.8375;   3.7261; 57.9;mb   ;4.5;TALAUD ISLANDS, INDONESIA
2017; 9; 3;11;52;46.00; -68.6140;  18.6003;145.0;Md   ;4.2;MONA PASSAGE
2017; 9; 3; 9; 1;48.00; 143.5850;  37.1075; 10.0;mb   ;4.8;OFF EAST COAST OF HONSHU, JAPAN
2017; 9; 3; 8;21;17.00; 168.7417;  54.0988; 10.0;mb   ;4.6;KOMANDORSKIYE OSTROVA REGION
2017; 9; 3; 6;52;14.00;  93.0569;   9.3149; 23.7;mb   ;4.9;NICOBAR ISLANDS, INDIA REGION
2017; 9; 3; 3;38;31.00; 129.0300;  41.3500;  0.0;ML   ;4.1;NORTH KOREA
2017; 9; 3; 3;30; 1.00; 129.0360;  41.3429;  0.0;mb   ;6.3;NORTH KOREA
2017; 9; 3; 3;21;44.00; -87.9291;  11.9525; 18.9;mb   ;5.1;NEAR COAST OF NICARAGUA
2017; 9; 3; 2;29;23.00;-111.4808;  42.6315;  6.1;mb   ;4.2;EASTERN IDAHO
2017; 9; 3; 2; 2;33.00; 146.7615;  14.1249; 10.0;mb   ;4.8;MARIANA ISLANDS
2017; 9; 3; 0;39;48.00;-111.4734;  42.6278;  8.6;mb   ;4.1;EASTERN IDAHO
2017; 9; 2;23;56;52.00;-111.4274;  42.6308;  6.5;Mww  ;5.3;EASTERN IDAHO
2017; 9; 2;23;55;30.00;-111.4160;  42.6368; 10.0;mb   ;4.3;EASTERN IDAHO
2017; 9; 2;23; 0; 1.00; 146.6731;  14.0151; 10.0;mb   ;5.5;MARIANA ISLANDS
2017; 9; 2;22;45;24.00; 153.2250;  44.7817; 10.0;mb   ;5.0;EAST OF KURIL ISLANDS
2017; 9; 2;22;10;16.00; -86.7012;  12.0110; 82.5;mb   ;4.7;NICARAGUA
2017; 9; 2;21;59;49.00;  83.4735;  34.0216; 10.0;mb   ;4.3;XIZANG
2017; 9; 2;20;28;29.00;-177.8613; -19.7402;561.4;mb   ;4.3;FIJI ISLANDS REGION
2017; 9; 2;20;14; 8.00; -72.0515;  18.9460; 15.7;mb   ;4.3;HAITI REGION
2017; 9; 2;19; 6;48.00; 129.9174;  -7.0648; 70.9;mb   ;5.1;BANDA SEA
2017; 9; 2;16;13;43.00;  99.7982; -47.3937; 10.0;mb   ;4.5;SOUTHEAST INDIAN RIDGE
2017; 9; 2;13;41;56.00; 148.2190;  -1.6822; 31.0;mb   ;4.5;ADMIRALTY ISLANDS REGION, P.N.G.
2017; 9; 2;12;36;17.00; -91.5922;  -0.7407; 10.0;mb   ;4.6;GALAPAGOS ISLANDS, ECUADOR
2017; 9; 2;10;38;17.00; -84.7913;   9.6203; 23.1;mb   ;4.6;COSTA RICA
2017; 9; 2; 3;32;22.00; 104.8774;  -6.0064; 80.0;mb   ;5.1;SUNDA STRAIT, INDONESIA
2017; 9; 2; 0;45;40.00; 128.0276;  -0.6237; 25.6;mb   ;4.3;HALMAHERA, INDONESIA
2017; 9; 1;22;28;23.00; -74.3274;  -8.5884;162.0;mb   ;4.5;PERU-BRAZIL BORDER REGION
2017; 9; 1;21;41;55.00; 126.9698;   2.5220; 35.4;mb   ;4.2;NORTHERN MOLUCCA SEA
2017; 9; 1;21; 7;40.00; 152.9999;  57.9720; 11.5;mb   ;5.0;SEA OF OKHOTSK
2017; 9; 1;19;35; 2.00; -68.6472; -22.2519;132.9;mb   ;4.3;NORTHERN CHILE
2017; 9; 1;19;30;58.00; 106.0167;  36.3843; 47.3;mb   ;4.6;WESTERN NEI MONGOL, CHINA
2017; 9; 1;16;48;34.00;  28.0249;  35.9928; 77.6;Mww  ;4.9;EASTERN MEDITERRANEAN SEA
2017; 9; 1;11;20;50.00; -34.0355;  56.9380; 10.0;mb   ;4.9;REYKJANES RIDGE
2017; 9; 1;11;11;50.00; -33.9165;  57.1445; 10.0;mb   ;4.8;REYKJANES RIDGE
2017; 9; 1;11; 7;37.00; -34.0260;  57.0486; 10.0;Mww  ;5.7;REYKJANES RIDGE
2017; 9; 1;10;59;40.00; -33.9988;  56.9041; 10.0;mb   ;4.9;REYKJANES RIDGE
2017; 9; 1;10;37;34.00; -33.8841;  56.8457; 10.0;mb   ;4.7;REYKJANES RIDGE
2017; 9; 1; 9;34;32.00; -34.3207;  56.8779; 10.0;mb   ;4.7;REYKJANES RIDGE
2017; 9; 1; 7;42;44.00; -85.5275;  10.0901; 19.1;Mww  ;5.3;COSTA RICA
2017; 9; 1; 3;47;35.00; 112.7756; -11.4972; 19.8;mb   ;4.8;SOUTH OF JAVA, INDONESIA
2017; 9; 1; 3;42;16.00; -70.8292; -15.5163;154.1;mb   ;4.7;SOUTHERN PERU
2017; 9; 1; 3;21;20.00;-150.9701;  63.0412;131.6;Ml   ;4.0;CENTRAL ALASKA
2017; 9; 1; 2;38;12.00;  82.6718;  32.0575; 10.0;mb   ;4.8;XIZANG
2017; 9; 1; 0;12;44.00;-111.4951; -13.5427; 10.0;mb   ;4.8;CENTRAL EAST PACIFIC RISE
2017; 8;31;22;57;39.00; 125.2098;  -0.2474; 47.5;Mww  ;5.4;SOUTHERN MOLUCCA SEA
2017; 8;31;22;41;20.00; 147.1455;  -5.4895;166.7;mb   ;4.9;EASTERN NEW GUINEA REG., P.N.G.
2017; 8;31;20;21;35.00;  70.8520;  36.5961;222.7;mb   ;4.1;HINDU KUSH REGION, AFGHANISTAN
2017; 8;31;18;47; 4.00; -72.9345;   6.6362;159.5;mb   ;4.3;NORTHERN COLOMBIA
2017; 8;31;17;46; 2.00;-153.6503;  58.4509; 62.5;ml   ;5.5;KODIAK ISLAND REGION, ALASKA
2017; 8;31;17; 6;55.00;  99.6846;  -1.1518; 45.1;Mww  ;6.3;SOUTHERN SUMATRA, INDONESIA
2017; 8;31;15;47;34.00; -62.8506;  10.9304; 96.7;Mww  ;4.9;NEAR COAST OF VENEZUELA
2017; 8;31;14;55;36.00; -49.3410;  13.3218; 10.0;mb   ;4.8;NORTH ATLANTIC OCEAN
2017; 8;31; 7;53;21.00;-150.5369;  63.0158;104.5;Ml   ;4.6;CENTRAL ALASKA
2017; 8;31; 7; 8;41.00; -91.4547;  13.9847; 26.6;mb   ;4.3;NEAR COAST OF GUATEMALA
2017; 8;31; 6;45;24.00; -91.4642;  13.8795; 35.0;mb   ;4.2;NEAR COAST OF GUATEMALA
2017; 8;31; 5;48;33.00; -91.4437;  13.7890; 35.0;mb   ;5.0;NEAR COAST OF GUATEMALA
2017; 8;31; 2;40;28.00; -78.9752;   9.5420; 10.0;mb   ;4.0;PANAMA
2017; 8;31; 1;30;27.00;  56.9464;  27.9020; 10.0;mb   ;5.2;SOUTHERN IRAN
2017; 8;30;22; 9; 0.00; 130.0926;  28.4676;  9.3;mb   ;5.2;RYUKYU ISLANDS, JAPAN
2017; 8;30;21;16; 9.00;-178.5798; -17.9483;575.7;mb   ;4.5;FIJI ISLANDS REGION
2017; 8;30;19;47;43.00; 138.2969;  -1.5312; 34.0;mb   ;4.5;NEAR NORTH COAST OF IRIAN JAYA
2017; 8;30;14;20; 5.00; -29.5966;  39.9212; 10.0;Mww  ;5.5;AZORES ISLANDS, PORTUGAL
2017; 8;30;14;19;14.00; -29.4166;  40.0113; 10.0;Mww  ;5.6;AZORES ISLANDS REGION
2017; 8;30;14; 9;31.00; -29.3650;  39.8308; 10.0;mb   ;4.6;AZORES ISLANDS, PORTUGAL
2017; 8;30;14; 1;12.00; -66.4523;  10.6761; 10.8;mb   ;4.5;NEAR COAST OF VENEZUELA
2017; 8;30;13;22;26.00; 179.9257; -23.8692;528.1;mb   ;4.7;SOUTH OF FIJI ISLANDS
2017; 8;30; 9;53;56.00; -25.6761; -59.3728; 35.0;mb   ;4.8;SOUTH SANDWICH ISLANDS REGION
2017; 8;30; 9;40;41.00; 149.2907;  -6.1934; 61.1;mb   ;4.6;NEW BRITAIN REGION, P.N.G.
2017; 8;30; 8;18;11.00;-178.8405; -17.7001;543.5;mb   ;4.6;FIJI ISLANDS REGION
2017; 8;30; 8; 7; 2.00;-101.9624;  12.9148; 10.0;mb   ;5.2;NORTHERN EAST PACIFIC RISE
2017; 8;30; 8; 3;43.00; 145.4861;  13.0597; 10.0;mb   ;5.2;MARIANA ISLANDS
2017; 8;30; 3;15;37.00; -73.5313; -37.3370; 19.9;Mwr  ;4.8;NEAR COAST OF CENTRAL CHILE
2017; 8;30; 0;59;11.00; 127.0463;   6.3759; 96.3;mb   ;4.8;PHILIPPINE ISLANDS REGION
2017; 8;30; 0;35;22.00; 166.4409;  55.4921; 10.0;mb   ;4.6;KOMANDORSKIYE OSTROVA REGION
2017; 8;29;22; 8;35.00; 121.1384;  19.3044; 35.2;Mww  ;5.4;PHILIPPINE ISLANDS REGION
2017; 8;29;16;47;28.00; -27.1953; -59.3718; 35.0;mb   ;5.3;SOUTH SANDWICH ISLANDS REGION
2017; 8;29;14;57;48.00; -67.2210; -21.9329;199.1;mb   ;4.1;CHILE-BOLIVIA BORDER REGION
2017; 8;29;10;40;56.00; 150.0368;  48.7088;350.5;mb   ;4.2;NORTHWEST OF KURIL ISLANDS
2017; 8;29; 8;43; 2.00; 144.9224;  13.0098; 10.3;mb   ;4.8;MARIANA ISLANDS
2017; 8;29; 7; 0;12.00; 157.1220;  52.0498;144.5;mb   ;4.9;KAMCHATKA PENINSULA, RUSSIA
2017; 8;29; 5; 0;47.00;  95.5886; -38.6975; 10.0;mb   ;4.9;SOUTH INDIAN OCEAN
2017; 8;29; 4;56;37.00; -60.3606;  12.2861; 63.5;mb   ;4.7;WINDWARD ISLANDS
2017; 8;29; 1;39;46.00;-168.0498;  52.7675; 23.2;Ml   ;4.0;FOX ISLANDS, ALEUTIAN ISLANDS
2017; 8;28;23;37; 4.00; 143.2950;  22.3872;110.5;mb   ;4.5;VOLCANO ISLANDS, JAPAN REGION
2017; 8;28;22;59;52.00;  99.2059;   2.1757;150.5;mb   ;4.2;NORTHERN SUMATRA, INDONESIA
2017; 8;28;22;27;31.00;  75.2437;  39.5428; 10.0;mb   ;4.4;SOUTHERN XINJIANG, CHINA
2017; 8;28;22;13;47.00; 179.7827; -24.9873;483.8;mb   ;4.5;SOUTH OF FIJI ISLANDS
2017; 8;28;22; 8;28.00; -72.1649; -33.0125; 18.0;Mwr  ;4.2;OFF COAST OF CENTRAL CHILE
2017; 8;28;21;40;41.00; -86.2863;  11.9860;146.4;mb   ;4.2;NEAR COAST OF NICARAGUA
2017; 8;28;20;26; 3.00; 167.5500; -15.3306;120.5;mb   ;4.6;VANUATU ISLANDS
2017; 8;28;19;51;10.00;-177.4969; -15.8999; 10.0;mb   ;4.6;FIJI ISLANDS REGION
2017; 8;28;15;58;19.00;-179.8978; -24.0593;490.8;mb   ;4.6;SOUTH OF FIJI ISLANDS
2017; 8;28;14;47;58.00; -69.8668;  19.3022; 10.0;mb   ;4.5;DOMINICAN REPUBLIC REGION
2017; 8;28;14;21;53.00; -68.8036; -21.2606;120.8;mb   ;4.5;CHILE-BOLIVIA BORDER REGION
2017; 8;28;12; 6;34.00; 159.8150;  -9.7349; 33.8;mb   ;4.9;SOLOMON ISLANDS
2017; 8;28; 7;21; 0.00; -70.2049; -13.5003; 45.4;mb   ;4.8;CENTRAL PERU
2017; 8;28; 4;51; 5.00;  33.2557; -21.4064; 10.0;mb   ;4.4;MOZAMBIQUE
2017; 8;28; 4; 1;52.00;  17.6666;  43.2948; 10.0;mb   ;4.0;NORTHWESTERN BALKAN REGION
2017; 8;28; 3;18;51.00;-179.4813; -23.1411;552.0;mb   ;4.3;SOUTH OF FIJI ISLANDS
2017; 8;28; 2;40;34.00;-172.6317; -18.0127; 10.0;mb   ;4.6;TONGA ISLANDS REGION
2017; 8;28; 1; 6;24.00;-178.0035; -20.4902;555.3;mb   ;4.1;FIJI ISLANDS REGION
2017; 8;28; 0;56;28.00; -74.2961; -43.1599; 14.6;mb   ;4.1;SOUTHERN CHILE
2017; 8;27;23;17;47.00;-177.8185; -15.1093;377.7;mb   ;4.3;FIJI ISLANDS REGION
2017; 8;27;23;14;51.00;  47.2379;  38.0055; 10.0;mb   ;5.0;NORTHWESTERN IRAN
2017; 8;27;22;32;36.00;-127.8009;  43.7688; 10.0;Mwr  ;4.3;OFF COAST OF OREGON
2017; 8;27;14;54;45.00; -67.2920;  19.2990; 42.0;mb   ;4.4;MONA PASSAGE
2017; 8;27;14;22;39.00; 148.1125;  -1.5144; 10.0;mb   ;4.9;ADMIRALTY ISLANDS REGION, P.N.G.
2017; 8;27;13;52;19.00; 148.0731;  -1.4783; 10.0;mb   ;5.1;ADMIRALTY ISLANDS REGION, P.N.G.
2017; 8;27;12;24;52.00;  73.0028;  33.5862; 30.9;mb   ;4.6;PAKISTAN
2017; 8;27;10;38;58.00; -83.9156;   9.0440; 25.7;mb   ;4.8;COSTA RICA
2017; 8;27; 8;15;16.00; -62.2696;  37.9578; 10.0;mb   ;4.1;NORTH ATLANTIC OCEAN
2017; 8;27; 7;51;27.00;-151.8856;  60.4205; 70.8;Ml   ;4.4;KENAI PENINSULA, ALASKA
2017; 8;27; 4;59;10.00;   8.4102;  73.5202; 10.0;mb   ;4.5;GREENLAND SEA
2017; 8;27; 4;17;50.00; 148.0562;  -1.4539;  8.1;Mww  ;6.4;ADMIRALTY ISLANDS REGION, P.N.G.
2017; 8;27; 2;26; 3.00; 140.7106;  36.8152;  4.3;mb   ;5.0;NEAR EAST COAST OF HONSHU, JAPAN
2017; 8;27; 1;55;29.00; 136.1944;  -3.4472; 52.1;mb   ;4.5;IRIAN JAYA, INDONESIA
2017; 8;27; 1;45;57.00; -17.8426;  64.5058; 10.0;mb   ;4.4;ICELAND
2017; 8;27; 0; 9;37.00;-178.1602; -18.2341;621.2;mb   ;4.3;FIJI ISLANDS REGION
2017; 8;27; 0; 2;22.00; 111.0914; -10.3338;  8.6;Mww  ;5.2;SOUTH OF JAVA, INDONESIA
2017; 8;26;23;56;39.00; -95.5814;  17.0066; 97.7;mb   ;4.2;OAXACA, MEXICO
2017; 8;26;23;33;13.00; -91.9322;  14.4034; 74.0;mb   ;4.7;GUATEMALA
2017; 8;26;21;50;59.00; 160.0300; -47.2669; 10.0;Mww  ;5.5;NORTH OF MACQUARIE ISLAND
2017; 8;26;21;24;36.00;-177.1196; -23.1851;207.0;mb   ;4.9;SOUTH OF FIJI ISLANDS
2017; 8;26;21;22;30.00;-177.3027; -19.1552;382.1;mb   ;4.3;FIJI ISLANDS REGION
2017; 8;26;20;49;18.00; 122.6093;   1.2373; 16.9;mb   ;4.6;MINAHASSA PENINSULA, SULAWESI
2017; 8;26;19;40;23.00;-177.9358; -18.8853;517.3;mb   ;4.3;FIJI ISLANDS REGION
2017; 8;26;15;30;41.00;  95.8456;   2.4956; 10.0;mb   ;4.6;OFF W COAST OF NORTHERN SUMATRA
2017; 8;26;14; 8;45.00; -71.3477; -18.4789; 10.0;mb   ;4.2;OFF COAST OF NORTHERN CHILE
2017; 8;26; 8;33;57.00;-177.8828; -19.8407;582.1;mb   ;4.6;FIJI ISLANDS REGION
2017; 8;26; 8;12;51.00; -82.6514;   6.1628; 10.0;Mww  ;5.2;SOUTH OF PANAMA
2017; 8;26; 0;39; 7.00;-179.1768; -32.9831; 52.5;mb   ;4.9;SOUTH OF KERMADEC ISLANDS
2017; 8;25;23;41;22.00;  24.9676;  34.2226; 25.1;mb   ;4.1;CRETE, GREECE
2017; 8;25;23;20;48.00; 123.4363;  24.9895;  8.9;mb   ;4.8;SOUTHWESTERN RYUKYU ISL., JAPAN
2017; 8;25;22;45;49.00;  96.0621;  38.8358; 10.0;mb   ;4.1;QINGHAI, CHINA
2017; 8;25;21;13;24.00;-172.2431; -17.5031; 10.0;mb   ;4.7;TONGA ISLANDS REGION
2017; 8;25;19;20;28.00; 140.5295;  37.0456;  6.8;mb   ;4.8;EASTERN HONSHU, JAPAN
2017; 8;25;19;13; 4.00; 168.0123; -14.6151; 10.0;mb   ;5.0;VANUATU ISLANDS
2017; 8;25;18; 4;50.00;  25.0027;  34.2454; 32.1;mb   ;4.1;CRETE, GREECE
2017; 8;25;14;34; 1.00; 120.5231;  13.7027; 47.2;mb   ;4.4;MINDORO, PHILIPPINES
2017; 8;25;13;24;52.00; 126.9502;   3.3498; 47.8;mb   ;4.6;TALAUD ISLANDS, INDONESIA
2017; 8;25;12;28;19.00;-178.5676;  50.7413; 10.0;mb   ;4.6;ANDREANOF ISLANDS, ALEUTIAN IS.
2017; 8;25; 7;27;11.00;  71.3398;  36.3993;109.2;Mww  ;4.9;AFGHANISTAN-TAJIKISTAN BORD REG.
2017; 8;25; 5;40; 3.00; 155.1599;  -6.2902;187.5;mb   ;4.6;SOLOMON ISLANDS
2017; 8;25; 5;20;30.00;  42.0490;  12.3332; 10.0;mb   ;4.5;ETHIOPIA
2017; 8;25; 3;49;50.00;-179.5107; -22.0087;595.5;mb   ;4.4;SOUTH OF FIJI ISLANDS
2017; 8;25; 3; 3;33.00; -62.3534;  37.9828; 10.0;mb   ;4.4;NORTH ATLANTIC OCEAN
2017; 8;25; 0;43;45.00; -79.3780;   9.5655; 43.6;mb   ;4.1;PANAMA
2017; 8;24;17;22;47.00; -68.8711; -23.7936;108.6;ML   ;4.3;NORTHERN CHILE
2017; 8;24;17;18;53.00; 141.6287;  37.4931; 37.8;mb   ;4.6;NEAR EAST COAST OF HONSHU, JAPAN
2017; 8;24;16;42;52.00; -92.8212;  14.4460; 90.1;mb   ;4.1;NEAR COAST OF CHIAPAS, MEXICO
2017; 8;24;16;18;32.00; -93.0498;  14.2240;  2.2;mb   ;4.4;NEAR COAST OF CHIAPAS, MEXICO
2017; 8;24;15;32;21.00; 169.2378;  54.2290; 17.8;mb   ;4.6;KOMANDORSKIYE OSTROVA REGION
2017; 8;24; 8;19;24.00; 128.4880;  -7.8579;116.0;mb   ;4.2;BANDA SEA
2017; 8;24; 8; 7; 4.00; 169.2710;  54.1835; 20.4;mb   ;4.9;KOMANDORSKIYE OSTROVA REGION
2017; 8;24; 5;34;38.00; 130.6027;  31.3708; 10.0;mb   ;4.6;KYUSHU, JAPAN
2017; 8;24; 5; 9;58.00; -93.2074;  14.5388; 35.0;mb   ;4.1;NEAR COAST OF CHIAPAS, MEXICO
2017; 8;24; 0;35;30.00; 117.2244;  -7.7606; 10.0;mb   ;4.1;BALI SEA
2017; 8;24; 0; 6; 8.00; 120.3080;  13.7044; 65.3;mb   ;4.5;MINDORO, PHILIPPINES
2017; 8;23;22; 0;50.00;-109.2561;  19.6806; 10.0;mb   ;4.6;REVILLA GIGEDO ISLANDS REGION
2017; 8;23;21;51; 9.00; -66.7289; -23.3358;212.5;mb   ;4.1;JUJUY PROVINCE, ARGENTINA
2017; 8;23;20;58;44.00;  74.5969;  35.4129; 46.4;mb   ;4.6;NORTHWESTERN KASHMIR
2017; 8;23;20; 5;26.00; -82.6336;   5.6505; 10.0;mb   ;4.4;SOUTH OF PANAMA
2017; 8;23;17;43;58.00; 123.7728;   6.4311; 44.9;mb   ;4.2;MINDANAO, PHILIPPINES
2017; 8;23;17;21;17.00;  94.6199;  22.4013;105.3;mb   ;4.0;MYANMAR
2017; 8;23;16;39;46.00; 166.4255; -11.3725; 65.6;mb   ;4.4;SANTA CRUZ ISLANDS
2017; 8;23;16;17;17.00;-179.8927; -23.9106;525.1;mb   ;4.2;SOUTH OF FIJI ISLANDS
2017; 8;23;15;13;48.00;-178.6376; -17.7425;550.1;mb   ;4.1;FIJI ISLANDS REGION
2017; 8;23;13;42;53.00;  44.9970;  36.1954;  8.0;Mww  ;5.1;IRAN-IRAQ BORDER REGION
2017; 8;23;12; 7;26.00;-178.6555; -35.6092; 10.0;mb   ;4.6;EAST OF NORTH ISLAND, N.Z.
2017; 8;23;11;57;26.00; -73.9996; -15.2996; 69.0;mb   ;4.6;SOUTHERN PERU
2017; 8;23;10;12;56.00; -67.1987; -23.8646;207.5;mb   ;4.4;CHILE-ARGENTINA BORDER REGION
2017; 8;23; 1;29;37.00; 142.2832;  38.8400; 53.8;mb   ;4.3;NEAR EAST COAST OF HONSHU, JAPAN
2017; 8;23; 0;28;36.00;-174.5241; -18.0515; 80.8;mb   ;4.4;TONGA ISLANDS
2017; 8;23; 0;10;57.00;-179.9187;  51.2371; 47.9;Ml   ;4.1;ANDREANOF ISLANDS, ALEUTIAN IS.
2017; 8;22;23;27;59.00; 157.7995;  51.1681; 64.8;mb   ;4.2;NEAR EAST COAST OF KAMCHATKA
2017; 8;22;22;26;14.00; 124.7002;  10.9570; 17.5;mb   ;5.0;LEYTE, PHILIPPINES
2017; 8;22;22;22;17.00; -93.1719;  14.4193; 10.0;mb   ;4.6;NEAR COAST OF CHIAPAS, MEXICO
2017; 8;22;22;14;56.00; -93.1527;  14.2892; 25.2;mb   ;4.9;NEAR COAST OF CHIAPAS, MEXICO
2017; 8;22;19;51;59.00;-116.9223;  35.9043;  6.1;ml   ;4.2;CENTRAL CALIFORNIA
2017; 8;22;18;22;52.00; 127.3973;  -6.6609;394.6;mb   ;4.2;BANDA SEA
2017; 8;22;16;26; 9.00; 128.9613;  -3.1760; 49.0;mb   ;4.3;SERAM, INDONESIA
2017; 8;22;11; 5;31.00; 146.9035;  -5.4254;224.1;mb   ;4.6;EASTERN NEW GUINEA REG., P.N.G.
2017; 8;22; 8;40;38.00;  -1.8468;  71.7423; 10.0;mb   ;4.4;JAN MAYEN ISLAND REGION
2017; 8;22; 8; 2;36.00; 115.1702;  -8.3954;169.1;mb   ;4.1;BALI REGION, INDONESIA
2017; 8;22; 0;50;36.00;  81.1053;  29.3931; 10.0;mb   ;4.6;NEPAL
2017; 8;21;23;53;43.00; 142.7839;  41.3131; 39.9;mb   ;4.4;HOKKAIDO, JAPAN REGION
2017; 8;21;23;31;14.00; 124.8837;   1.0420;138.8;mb   ;4.4;MINAHASSA PENINSULA, SULAWESI
2017; 8;21;23;16;22.00; 150.8404;  -6.0217; 98.3;mb   ;4.8;NEW BRITAIN REGION, P.N.G.
2017; 8;21;22;53;22.00; 113.4273;  -9.3234; 52.9;mb   ;4.6;SOUTH OF JAVA, INDONESIA
2017; 8;21;22;37;54.00; 142.2838;  38.9742; 28.8;mb   ;4.6;NEAR EAST COAST OF HONSHU, JAPAN
2017; 8;21;21;28;27.00; -93.2291;  14.3663; 10.0;mb   ;4.3;NEAR COAST OF CHIAPAS, MEXICO
2017; 8;21;21;21;50.00;-178.4837; -17.8656;578.2;mb   ;4.1;FIJI ISLANDS REGION
2017; 8;21;21;12;23.00;-171.5759; -15.4933; 10.0;mww  ;5.3;SAMOA ISLANDS REGION
2017; 8;21;20;52;23.00; 179.4879;  62.9682; 10.0;mb   ;4.6;EASTERN SIBERIA, RUSSIA
2017; 8;21;20;17;44.00;-178.4694; -17.6542;531.9;mb   ;4.5;FIJI ISLANDS REGION
2017; 8;21;18;58;15.00;-178.2601; -29.9412;136.6;mb   ;4.3;KERMADEC ISLANDS, NEW ZEALAND
2017; 8;21;18;57;51.00;  13.9449;  40.7797;  9.3;mb   ;4.2;TYRRHENIAN SEA
2017; 8;21;18;39;46.00; -92.7005;  16.3859;215.9;mb   ;4.2;CHIAPAS, MEXICO
2017; 8;21;18;24;21.00; -67.9490; -22.4800;170.9;ML   ;4.0;CHILE-BOLIVIA BORDER REGION
2017; 8;21;18; 9;32.00; 169.6909; -18.7221;195.7;mb   ;4.3;VANUATU ISLANDS
2017; 8;21;17;53;40.00; 178.3609;  52.0470;124.2;Ml   ;4.1;RAT ISLANDS, ALEUTIAN ISLANDS
2017; 8;21;17; 8;16.00;-103.2498;  18.2439; 10.0;mb   ;4.2;NEAR COAST OF MICHOACAN, MEXICO
2017; 8;21;15;41;26.00; 129.2953;  -7.1350;151.0;mb   ;4.1;BANDA SEA
2017; 8;21;15; 6;13.00; 128.0291;  -7.2366;178.7;mb   ;4.1;BANDA SEA
2017; 8;21;14;44;55.00;  18.8297;  76.9978;  5.7;mb   ;4.3;SVALBARD REGION
2017; 8;21;14;26;26.00;-178.4818; -32.9856; 10.0;mb   ;4.7;SOUTH OF KERMADEC ISLANDS
2017; 8;21;13;59;32.00; -93.0334;  14.4176; 10.0;Mww  ;5.3;NEAR COAST OF CHIAPAS, MEXICO
2017; 8;21;12;11; 2.00;-172.9861; -18.3637; 10.0;mb   ;4.9;TONGA ISLANDS REGION
2017; 8;21;12; 3;13.00;  86.1237;  27.5881; 10.0;mb   ;4.5;NEPAL
2017; 8;21;12; 2;24.00; -70.3231; -33.1261;100.6;Mww  ;5.1;CHILE-ARGENTINA BORDER REGION
2017; 8;21;11;46;44.00; 178.9500;  51.1730; 28.3;mb   ;4.0;RAT ISLANDS, ALEUTIAN ISLANDS
2017; 8;21;11;33;30.00; 141.2390;  25.5459;148.8;mb   ;4.2;VOLCANO ISLANDS, JAPAN REGION
2017; 8;21;11; 7;38.00; 126.9936;   3.6224; 61.7;mb   ;4.4;TALAUD ISLANDS, INDONESIA
2017; 8;21;10;43;33.00;-149.5463;  62.0726; 53.5;Ml   ;4.3;CENTRAL ALASKA
2017; 8;21; 4;52;40.00; 152.0024;  46.1257; 35.0;mb   ;4.5;KURIL ISLANDS
2017; 8;21; 4;51;35.00; 120.5523;  -1.3753; 43.3;mb   ;4.6;SULAWESI, INDONESIA
2017; 8;21; 3;32; 9.00; -26.5923; -56.4939;110.8;mb   ;4.5;SOUTH SANDWICH ISLANDS REGION
2017; 8;21; 3;16;35.00; -98.4475; -36.4170; 10.0;mb   ;4.6;SOUTHEAST OF EASTER ISLAND
2017; 8;21; 1;14;35.00;  94.7271;  30.4408; 10.0;mb   ;4.6;XIZANG
2017; 8;21; 1;12;14.00;  94.9415;  30.4146; 10.0;mb   ;4.9;XIZANG
2017; 8;20;23;37;33.00;-179.5155; -35.6008; 10.0;mb   ;5.1;EAST OF NORTH ISLAND, N.Z.
2017; 8;20;23;29; 2.00; -91.6041;  14.1032; 59.4;mb   ;5.1;GUATEMALA
2017; 8;20;23;22;46.00; 168.4285;  54.5619; 10.0;mb   ;4.2;KOMANDORSKIYE OSTROVA REGION
2017; 8;20;19;54;39.00; 153.8192;  -4.9598; 84.4;mb   ;4.5;NEW IRELAND REGION, P.N.G.
2017; 8;20;19;28;47.00; -66.3414; -23.0064;227.4;mb   ;4.3;JUJUY PROVINCE, ARGENTINA
2017; 8;20;17;42;15.00; -75.7719; -13.7594; 71.1;mb   ;5.1;CENTRAL PERU
2017; 8;20;17; 0; 5.00; 127.3294;  27.0278; 95.1;mb   ;4.7;RYUKYU ISLANDS, JAPAN
2017; 8;20;15;40; 7.00; 142.3515;  27.7604; 59.0;mb   ;4.9;BONIN ISLANDS, JAPAN REGION
2017; 8;20;15;39;20.00; -86.7523;  12.3813;162.6;mb   ;4.9;NICARAGUA
2017; 8;20;15;13;20.00; -68.8887; -20.3173; 95.7;Mwr  ;4.5;CHILE-BOLIVIA BORDER REGION
2017; 8;20;14;48;24.00; 144.9490;  13.6598;100.8;mb   ;4.2;MARIANA ISLANDS
2017; 8;20;10; 9; 6.00; 169.9326; -16.4477; 19.2;mb   ;4.8;VANUATU ISLANDS
2017; 8;20; 9; 5;58.00; 146.9223;  -5.4497;214.9;mb   ;4.6;EASTERN NEW GUINEA REG., P.N.G.
2017; 8;20; 6;15;46.00; -70.9022; -25.4873; 36.3;Mwr  ;4.0;NEAR COAST OF NORTHERN CHILE
2017; 8;20; 5;54;58.00;-103.2510;  17.7877; 10.0;mb   ;4.4;NEAR COAST OF MICHOACAN, MEXICO
2017; 8;20; 4;47;31.00; 143.8399;  40.2585; 10.0;mb   ;4.7;OFF EAST COAST OF HONSHU, JAPAN
2017; 8;20; 1; 6;21.00; 103.6916;  -4.1170; 41.9;mb   ;4.6;SOUTHERN SUMATRA, INDONESIA
2017; 8;20; 0;55;10.00; 142.4695;  38.3629; 41.3;mb   ;4.0;NEAR EAST COAST OF HONSHU, JAPAN
2017; 8;19;22; 2;13.00; -68.5158; -21.2647;122.2;mb   ;4.1;CHILE-BOLIVIA BORDER REGION
2017; 8;19;21;38; 4.00; -83.6199;   9.9316; 17.4;Mwr  ;4.0;COSTA RICA
2017; 8;19;21;22;17.00; 111.9070;  -9.6819; 10.0;mb   ;4.3;SOUTH OF JAVA, INDONESIA
2017; 8;19;21;21;51.00;-178.7759; -21.0867;592.5;mb   ;4.4;FIJI ISLANDS REGION
2017; 8;19;20;59; 2.00;-178.7901; -21.0862;591.4;mb   ;4.6;FIJI ISLANDS REGION
2017; 8;19;20;26;50.00; -79.7762;  18.0259; 10.0;Mwr  ;4.4;NORTH OF HONDURAS
2017; 8;19;20;11;15.00; 127.4541;  -0.4719;123.1;mb   ;4.4;HALMAHERA, INDONESIA
2017; 8;19;18;38;23.00; 127.3396;   1.7018; 10.0;mb   ;4.5;HALMAHERA, INDONESIA
2017; 8;19;16;52;26.00;  73.4091;  16.3725; 15.0;mb   ;4.1;SOUTHERN INDIA
2017; 8;19;16;21;52.00;-179.4909; -26.7089;457.8;mb   ;4.2;SOUTH OF FIJI ISLANDS
2017; 8;19;16;14;52.00; 163.8170;  56.2002; 10.0;mb   ;4.6;NEAR EAST COAST OF KAMCHATKA
2017; 8;19;16; 3;31.00; 163.8018;  56.4950; 10.0;mb   ;4.3;NEAR EAST COAST OF KAMCHATKA
2017; 8;19;14;43; 8.00; -27.2548; -55.8370; 38.2;mb   ;4.5;SOUTH SANDWICH ISLANDS REGION
2017; 8;19;14;37;44.00;  24.1639;  34.9017; 42.5;mb   ;4.3;CRETE, GREECE
2017; 8;19;11;36; 6.00; 169.8081; -18.6191; 89.4;mb   ;4.6;VANUATU ISLANDS
2017; 8;19; 9; 4;12.00; -88.4252;  12.2948; 31.0;mb   ;4.2;OFF COAST OF CENTRAL AMERICA
2017; 8;19; 8;14;59.00; 142.3033;  30.2605; 10.0;mb   ;4.7;SOUTHEAST OF HONSHU, JAPAN
2017; 8;19; 7;39;36.00; 176.1092; -40.3626; 38.2;mb   ;4.4;NORTH ISLAND, NEW ZEALAND
2017; 8;19; 7;36;39.00;-156.7547;  55.2403; 58.8;Ml   ;4.2;SOUTH OF ALASKA
2017; 8;19; 7;33;45.00; -29.4496; -55.6393; 10.0;mb   ;5.1;SOUTH SANDWICH ISLANDS REGION
2017; 8;19; 6;35;51.00;-154.0012;  19.9838; 30.1;ML   ;4.1;HAWAII
2017; 8;19; 6;30;10.00; 146.5961;   6.1563; 25.8;mb   ;4.9;E. CAROLINE ISLANDS, MICRONESIA
2017; 8;19; 5;42;17.00; -90.7151;  14.6023;199.3;mb   ;4.4;GUATEMALA
2017; 8;19; 3;22;28.00; -78.9689; -10.7920; 39.5;mb   ;4.6;NEAR COAST OF PERU
2017; 8;19; 3;16; 2.00;  -2.1059;  81.2075; 10.0;mb   ;4.6;NORTH OF SVALBARD
2017; 8;19; 2; 0;52.00;-178.8406; -17.9609;544.0;Mww  ;6.4;FIJI ISLANDS REGION
2017; 8;19; 0;40;45.00; 125.6993;  -0.2597; 61.6;mb   ;4.3;SOUTHERN MOLUCCA SEA
2017; 8;18;21; 0;49.00; 128.0446;  -6.2530; 12.7;Mww  ;5.5;BANDA SEA
2017; 8;18;20;31;50.00; -76.6367; -45.5227; 10.0;Mww  ;5.1;OFF COAST OF SOUTHERN CHILE
2017; 8;18;20;13; 0.00; -66.3118;  18.9466; 42.0;Mww  ;4.9;PUERTO RICO REGION
2017; 8;18;19;53;11.00;  71.2067;  36.5765;232.9;mb   ;4.2;AFGHANISTAN-TAJIKISTAN BORD REG.
2017; 8;18;19;50; 9.00; -29.3373; -55.6844; 10.0;mb   ;4.7;SOUTH SANDWICH ISLANDS REGION
2017; 8;18;19;24;20.00; -29.1907;  41.0473; 10.0;mb   ;4.6;AZORES ISLANDS REGION
2017; 8;18;18;52;24.00;-176.1433; -29.4577; 10.0;mb   ;5.2;KERMADEC ISLANDS REGION
2017; 8;18;18;47;33.00; -32.7746;  57.7587; 10.0;mb   ;4.5;REYKJANES RIDGE
2017; 8;18;18; 7;19.00;  74.0268; -28.8428; 10.0;mb   ;4.5;MID-INDIAN RIDGE
2017; 8;18;17;56;44.00;-177.4483; -18.3454;595.3;mb   ;4.4;FIJI ISLANDS REGION
2017; 8;18;15;35;55.00; -14.5916;  -1.3058; 10.0;mb   ;4.8;NORTH OF ASCENSION ISLAND
2017; 8;18;15;16;58.00; 179.6535; -24.4098;515.9;mb   ;4.5;SOUTH OF FIJI ISLANDS
2017; 8;18;14;36;28.00; -71.1444; -14.7948;158.2;mb   ;4.6;CENTRAL PERU
2017; 8;18;14;35;48.00; 166.7652; -12.6244;134.0;mb   ;4.3;SANTA CRUZ ISLANDS
2017; 8;18;14;10;48.00;  27.5525;  36.8654;  7.1;mb   ;4.2;DODECANESE ISLANDS, GREECE
2017; 8;18;12;54;58.00; 153.0211;  -5.5788; 35.0;mb   ;4.5;NEW IRELAND REGION, P.N.G.
2017; 8;18;12;47;33.00;  27.5740;  36.8911; 10.0;mb   ;4.2;DODECANESE ISLANDS, GREECE
2017; 8;18;11; 1;22.00;-175.9385; -20.2043;238.2;mb   ;4.4;TONGA ISLANDS
2017; 8;18;10;53;51.00; 143.8693;  26.0204; 10.0;mb   ;4.6;BONIN ISLANDS, JAPAN REGION
2017; 8;18;10;18;44.00;  46.0916;  31.7612; 10.0;mb   ;4.7;IRAQ
2017; 8;18; 8;10; 1.00;  73.3353;  38.4544;136.7;mb   ;4.2;TAJIKISTAN-XINJIANG BORDER REG.
2017; 8;18; 6;20;32.00; 166.3753;  55.5129; 10.0;mb   ;4.8;KOMANDORSKIYE OSTROVA REGION
2017; 8;18; 5;15;14.00;-100.3035;  16.9872; 26.3;mb   ;5.1;NEAR COAST OF GUERRERO, MEXICO
2017; 8;18; 4;58; 3.00; 152.3780;  -5.7170; 25.0;mb   ;4.3;NEW BRITAIN REGION, P.N.G.
2017; 8;18; 4;44;35.00;-136.3941;  59.0023; 11.6;mb   ;4.0;SOUTHEASTERN ALASKA
2017; 8;18; 4;30; 2.00;  37.5603;  37.5878;  5.5;mb   ;4.3;TURKEY
2017; 8;18; 3;46;51.00;  24.0339;  34.7634; 34.7;mb   ;4.6;CRETE, GREECE
2017; 8;18; 3;19;33.00; 149.7959;  43.7520; 42.4;mb   ;4.3;EAST OF KURIL ISLANDS
2017; 8;18; 3;10; 4.00; 142.2185;  38.5636; 43.7;mb   ;4.6;NEAR EAST COAST OF HONSHU, JAPAN
2017; 8;18; 2;59;21.00; -13.6631;  -1.0907; 10.0;Mww  ;6.6;NORTH OF ASCENSION ISLAND
2017; 8;18; 1;16;59.00; 178.8635;  51.2088; 28.9;mb   ;4.8;RAT ISLANDS, ALEUTIAN ISLANDS
2017; 8;18; 0;53;54.00; -71.2755; -15.4188;150.5;mb   ;4.4;SOUTHERN PERU
2017; 8;17;16; 2;43.00; 147.1751;  14.8608; 10.0;mb   ;4.3;MARIANA ISLANDS REGION
2017; 8;17;15;23;50.00; 147.3297;  14.8569; 10.0;mb   ;4.2;MARIANA ISLANDS REGION
2017; 8;17;13;54;24.00; 128.1280;   2.7196; 78.8;mb   ;4.3;HALMAHERA, INDONESIA
2017; 8;17;13;19;34.00; 146.2547;  44.1891;140.2;mb   ;4.2;KURIL ISLANDS
2017; 8;17; 8;52;22.00; -12.6369;  -5.7508; 10.0;mb   ;5.2;ASCENSION ISLAND REGION
2017; 8;17; 7;38;33.00;  94.5263;  25.8288; 61.1;mb   ;4.6;MYANMAR-INDIA BORDER REGION
2017; 8;17; 7;37;25.00; 120.7818;  -1.3920; 66.4;mb   ;4.3;SULAWESI, INDONESIA
2017; 8;17; 6;49;30.00; 127.9294;  -6.3102;366.1;mb   ;4.4;BANDA SEA
2017; 8;17; 6;44;56.00;  -9.0904;  39.0316; 10.0;mb   ;4.2;PORTUGAL
2017; 8;17; 0; 8; 6.00; 136.8039;  -3.9459; 52.1;mb   ;4.2;IRIAN JAYA, INDONESIA
2017; 8;16;23;49;22.00; 122.2156;  80.3453; 10.0;mb   ;4.7;EAST OF SEVERNAYA ZEMLYA
2017; 8;16;22;35;52.00;-177.5511; -20.2501;491.0;mb   ;4.5;FIJI ISLANDS REGION
2017; 8;16;22;31;19.00; 138.1590;  -4.3992; 10.0;mb   ;4.2;IRIAN JAYA, INDONESIA
2017; 8;16;22;21;30.00;-176.5184; -29.7645; 10.0;mb   ;4.3;KERMADEC ISLANDS REGION
2017; 8;16;20;26;23.00; 172.4976; -40.8847; 10.0;mb   ;4.3;OFF W. COAST OF S. ISLAND, N.Z.
2017; 8;16;20;19;50.00; -72.2230; -29.8875; 11.8;mb   ;4.0;OFF COAST OF CENTRAL CHILE
2017; 8;16;19;51;57.00;-177.7058; -25.2407;194.9;mb   ;4.6;SOUTH OF FIJI ISLANDS
2017; 8;16;19;46;59.00; -13.4634; -24.9605; 10.0;mb   ;5.2;SOUTHERN MID-ATLANTIC RIDGE
2017; 8;16;19;21;54.00;-176.1624; -29.6400; 10.0;mb   ;5.3;KERMADEC ISLANDS REGION
2017; 8;16;17;33;37.00;  25.6548;  34.1039; 10.0;mb   ;4.1;CRETE, GREECE
2017; 8;16;15;53;28.00;  24.7081;  36.6036;101.5;Mww  ;4.8;SOUTHERN GREECE
2017; 8;16;15;49;31.00; -67.0338; -24.2599;152.1;mb   ;4.6;CHILE-ARGENTINA BORDER REGION
2017; 8;16;15;35;26.00;-179.5794; -22.1864;593.3;mb   ;4.5;SOUTH OF FIJI ISLANDS
2017; 8;16;15;16;34.00;  27.9490;  45.5227; 12.8;mb   ;4.3;ROMANIA
2017; 8;16;13; 3;44.00; -66.1845; -22.6600;260.2;Mwr  ;4.6;JUJUY PROVINCE, ARGENTINA
2017; 8;16;12;51;25.00; 127.9238;  28.6478;196.5;Mww  ;5.7;NORTHWEST OF RYUKYU ISLANDS
2017; 8;16;11;54; 4.00; -67.2827; -21.9752;207.6;mb   ;4.4;CHILE-BOLIVIA BORDER REGION
2017; 8;16; 7;23;47.00; 138.8576;  11.4112; 45.2;mb   ;4.9;W. CAROLINE ISLANDS, MICRONESIA
2017; 8;16; 4; 9; 4.00;  99.8696;  -2.3245; 30.4;mb   ;5.4;SOUTHERN SUMATRA, INDONESIA
2017; 8;16; 2;46;25.00;-178.5361; -17.8913;563.8;mb   ;4.3;FIJI ISLANDS REGION
2017; 8;16; 2;42;49.00; 129.1687;  -7.1269;166.4;mb   ;4.8;BANDA SEA
2017; 8;16; 2;36;38.00; -27.8307;  45.7549; 10.0;mb   ;4.5;NORTHERN MID-ATLANTIC RIDGE
2017; 8;16; 2;27;31.00; -27.6956;  45.5644; 10.0;Mww  ;5.2;NORTHERN MID-ATLANTIC RIDGE
2017; 8;16; 2;14;15.00;-176.6409; -22.1370;169.8;mb   ;4.2;SOUTH OF FIJI ISLANDS
2017; 8;15;23;35;11.00; 128.2192;   1.8633;117.6;mb   ;4.1;HALMAHERA, INDONESIA
2017; 8;15;22;49;42.00;  74.0272;  38.2140; 10.0;mb   ;4.7;TAJIKISTAN-XINJIANG BORDER REG.
2017; 8;15;22;48;22.00; -69.8243; -24.8253; 84.5;mb   ;4.0;NORTHERN CHILE
2017; 8;15;20;39;21.00; 151.6746;  -5.5148; 20.6;mb   ;4.5;NEW BRITAIN REGION, P.N.G.
2017; 8;15;20;29;18.00; 130.1486;  26.9048; 34.8;mb   ;4.9;SOUTHEAST OF RYUKYU ISLANDS
2017; 8;15;19;56; 4.00; 147.3462;  -6.0061; 90.0;mb   ;4.0;EASTERN NEW GUINEA REG., P.N.G.
2017; 8;15;19;38;56.00; 132.0971;  33.8658; 58.1;mb   ;4.5;SHIKOKU, JAPAN
2017; 8;15;19;15;10.00; 166.9986; -12.6525;192.4;mb   ;4.5;SANTA CRUZ ISLANDS
2017; 8;15;19; 3;21.00; -72.1788; -30.0116;  6.2;Mww  ;5.1;OFF COAST OF CENTRAL CHILE
2017; 8;15;17;52;50.00;-177.8792; -31.6645; 10.0;mb   ;4.5;KERMADEC ISLANDS REGION
2017; 8;15;16;53;45.00; 126.4546;   0.8724; 46.4;mb   ;4.4;NORTHERN MOLUCCA SEA
2017; 8;15;16;34;33.00; 127.4109;  -6.5265;415.2;mb   ;4.2;BANDA SEA
2017; 8;15;16;27;18.00;-177.6582; -19.9097;505.1;mb   ;4.2;FIJI ISLANDS REGION
2017; 8;15;16; 8; 9.00; 128.1742;   3.0064;149.5;mb   ;4.4;NORTH OF HALMAHERA, INDONESIA
2017; 8;15;15;25;44.00;  78.9876; -36.4139; 10.0;mb   ;4.6;MID-INDIAN RIDGE
2017; 8;15;14;50;43.00;   5.8006;  35.6506; 10.0;mb   ;4.7;NORTHERN ALGERIA
2017; 8;15; 8; 6;24.00; 100.0065;   1.0507;211.7;mb   ;4.3;NORTHERN SUMATRA, INDONESIA
2017; 8;15; 7;40; 7.00; -99.9472; -36.2646; 10.0;mb   ;4.6;SOUTHEAST OF EASTER ISLAND
2017; 8;15; 7;35;30.00; -34.0008;  36.1537; 10.0;mb   ;4.6;AZORES ISLANDS REGION
2017; 8;15; 6; 1;44.00;-173.0729; -14.8042; 10.0;mb   ;5.2;SAMOA ISLANDS REGION
2017; 8;15; 5; 7;36.00;-176.1948; -29.5360; 35.0;mb   ;5.0;KERMADEC ISLANDS REGION
2017; 8;15; 2;24;52.00; -81.9675; -43.8733; 10.0;mb   ;5.0;WEST CHILE RISE
2017; 8;15; 1;42;33.00;-151.8134;  55.3175;  9.1;Ml   ;4.2;SOUTH OF ALASKA
2017; 8;14;23;49;29.00; 140.2332;  -3.8627; 36.5;mb   ;5.5;IRIAN JAYA, INDONESIA
2017; 8;14;22;11;48.00; -64.9815;  19.3565;108.0;mb   ;4.6;VIRGIN ISLANDS
2017; 8;14;19;57;33.00; 131.9859;  -0.5309; 41.2;mb   ;4.5;IRIAN JAYA REGION, INDONESIA
2017; 8;14;18;21;23.00; 138.6552;  30.8171;387.2;mb   ;4.1;SOUTHEAST OF HONSHU, JAPAN
2017; 8;14;17;41;45.00;-176.1789; -29.5359; 10.0;mb   ;4.8;KERMADEC ISLANDS REGION
2017; 8;14;17; 9;16.00; -76.8531;   9.3705; 50.8;mb   ;4.4;NEAR NORTH COAST OF COLOMBIA
2017; 8;14;17; 4;28.00; -33.8996;  36.1337; 10.0;mb   ;4.8;AZORES ISLANDS REGION
2017; 8;14;15;37;58.00;-173.6791; -20.6521; 10.0;mb   ;4.9;TONGA ISLANDS
2017; 8;14;15;29;38.00; 130.5406;  -6.2169;127.1;mb   ;4.7;BANDA SEA
2017; 8;14;15; 2;41.00; -68.4584; -21.6574;126.6;mb   ;4.2;CHILE-BOLIVIA BORDER REGION
2017; 8;14;12;48; 4.00;-173.1632; -19.7124; 10.0;mb   ;4.4;TONGA ISLANDS
2017; 8;14;11;42;11.00;-175.5677; -29.7836; 42.6;mb   ;4.5;KERMADEC ISLANDS REGION
2017; 8;14;11;26; 5.00;  83.8303;  41.4095; 30.2;mb   ;4.4;SOUTHERN XINJIANG, CHINA
2017; 8;14;11;23;35.00; 163.2492;  55.4608; 42.2;mb   ;4.3;OFF EAST COAST OF KAMCHATKA
2017; 8;14;11;14;40.00;  56.1748;  30.3730; 18.6;mb   ;4.1;NORTHERN AND CENTRAL IRAN
2017; 8;14; 9;11;34.00; 140.0929;  35.8071;109.7;mb   ;4.8;NEAR EAST COAST OF HONSHU, JAPAN
2017; 8;14; 8;13;35.00; -75.2610; -10.8287; 35.5;mb   ;4.6;CENTRAL PERU
2017; 8;14; 7;33;14.00;-176.2637; -29.2829; 10.0;mb   ;4.9;KERMADEC ISLANDS REGION
2017; 8;14; 6;58;34.00; -71.6757; -31.4784; 35.0;Mwr  ;4.2;NEAR COAST OF CENTRAL CHILE
2017; 8;14; 6;25;18.00; -75.3520; -10.7436; 35.6;mb   ;4.7;CENTRAL PERU
2017; 8;14; 5;35; 9.00;-129.8122; -55.0301; 10.0;mb   ;5.5;PACIFIC-ANTARCTIC RIDGE
2017; 8;14; 4;28;59.00;-177.7501; -18.8696;482.3;mb   ;4.1;FIJI ISLANDS REGION
2017; 8;14; 4;11;37.00; 161.4390; -10.4762; 40.8;mb   ;4.6;SOLOMON ISLANDS
2017; 8;14; 3;14;40.00; 179.6193; -25.6294;528.1;mb   ;4.2;SOUTH OF FIJI ISLANDS
2017; 8;14; 3; 6; 0.00; 143.5210;  39.5702; 10.0;mb   ;4.9;OFF EAST COAST OF HONSHU, JAPAN
2017; 8;14; 2;43;50.00;  27.6976;  37.1046; 23.0;mb   ;4.7;TURKEY
2017; 8;14; 0;54;49.00; -27.9416;  48.8595; 10.0;mb   ;4.6;NORTHERN MID-ATLANTIC RIDGE
2017; 8;14; 0;43;51.00; -27.9565;  48.6683; 10.0;mb   ;4.6;NORTHERN MID-ATLANTIC RIDGE
2017; 8;14; 0;29; 4.00; -27.8871;  48.7175; 10.0;mb   ;5.1;NORTHERN MID-ATLANTIC RIDGE
2017; 8;14; 0;24;46.00; -27.8757;  48.6922; 10.0;mb   ;4.9;NORTHERN MID-ATLANTIC RIDGE
2017; 8;14; 0;19;19.00; -27.8860;  48.8493; 10.0;Mww  ;5.1;NORTHERN MID-ATLANTIC RIDGE
2017; 8;13;23;24;30.00;-176.7389;  51.8862; 77.8;Ml   ;4.2;ANDREANOF ISLANDS, ALEUTIAN IS.
2017; 8;13;23;12;18.00; -73.5781; -34.7637; 15.7;mb   ;4.1;OFF COAST OF CENTRAL CHILE
2017; 8;13;17; 9; 4.00;  27.8426;  37.1020; 10.0;mb   ;4.1;TURKEY
2017; 8;13;16;57;40.00; -66.8583; -23.1647;219.9;mb   ;4.4;JUJUY PROVINCE, ARGENTINA
2017; 8;13;16;51;23.00; -74.5750; -10.7134; 25.3;Mww  ;5.8;CENTRAL PERU
2017; 8;13;16;37;25.00; 169.3240; -18.9014;232.6;mb   ;4.6;VANUATU ISLANDS
2017; 8;13;16;35;23.00;  27.7114;  37.0369; 10.0;mb   ;4.3;TURKEY
2017; 8;13;16;31;23.00;  27.8054;  37.0261; 10.0;mb   ;4.0;TURKEY
2017; 8;13;15;21;55.00; -71.9832;   7.4513; 47.7;mb   ;4.5;VENEZUELA
2017; 8;13;14;24;31.00;  27.5820;  37.0912; 10.0;mb   ;4.4;TURKEY
2017; 8;13;13;58;59.00; 120.1490;  14.7200; 51.3;mb   ;4.7;LUZON, PHILIPPINES
2017; 8;13;13;37;43.00;  27.5822;  37.0155; 10.0;mb   ;4.3;TURKEY
2017; 8;13;13;32;35.00; -66.8396; -22.5114;195.2;Mwr  ;4.3;JUJUY PROVINCE, ARGENTINA
2017; 8;13;13;13;34.00; -88.7942;  12.1582; 10.0;mb   ;4.3;OFF COAST OF CENTRAL AMERICA
2017; 8;13;12;28;15.00;  27.7250;  37.0852;  9.4;mb   ;4.4;TURKEY
2017; 8;13;12;18;13.00; 169.5790; -19.0231;264.2;mb   ;5.1;VANUATU ISLANDS
2017; 8;13;12; 4;25.00; 106.4346;  -6.5628;183.2;mb   ;4.3;JAVA, INDONESIA
2017; 8;13;11;44;11.00;-174.6333; -18.8239;113.2;mb   ;4.4;TONGA ISLANDS
2017; 8;13;11;16;52.00;  27.7004;  37.0514;  5.3;Mwr  ;4.9;TURKEY
2017; 8;13; 9;34;47.00;  56.2786;  27.3403; 33.3;mb   ;4.5;SOUTHERN IRAN
2017; 8;13; 8;36; 6.00;  66.4735;  28.1706; 26.7;mb   ;4.1;PAKISTAN
2017; 8;13; 6;19;27.00; -12.6090;  -5.5908; 10.0;mb   ;5.1;ASCENSION ISLAND REGION
2017; 8;13; 5;31;46.00; 115.9310;  -7.5812;303.5;mb   ;4.8;BALI SEA
2017; 8;13; 3;47;49.00; 160.8680; -10.0497; 28.6;mb   ;5.0;SOLOMON ISLANDS
2017; 8;13; 3; 8;10.00; 101.6228;  -3.7682; 31.0;Mww  ;6.4;SOUTHERN SUMATRA, INDONESIA
2017; 8;13; 1;57;54.00; 161.4801; -10.2432; 77.2;mb   ;4.4;SOLOMON ISLANDS
2017; 8;13; 1;12;28.00; 153.5733;  -5.7796; 10.0;mb   ;4.7;NEW IRELAND REGION, P.N.G.
2017; 8;13; 0; 8;35.00; 121.2791;  22.0031; 59.6;mb   ;4.5;TAIWAN REGION
2017; 8;12;22;34;58.00; -68.4691; -21.0623;136.4;mb   ;4.0;CHILE-BOLIVIA BORDER REGION
2017; 8;12;21;48;11.00; 179.1076;  52.0151;168.1;mb   ;4.0;RAT ISLANDS, ALEUTIAN ISLANDS
2017; 8;12;21;31;18.00; -72.2204; -30.3065;  7.7;Mwr  ;4.3;OFF COAST OF CENTRAL CHILE
2017; 8;12;20;30;57.00; 153.5143;  -5.8101;  9.9;mb   ;5.0;NEW IRELAND REGION, P.N.G.
2017; 8;12;20; 8;39.00; -72.0686; -34.2757; 24.5;mb   ;4.1;NEAR COAST OF CENTRAL CHILE
2017; 8;12;19;37;47.00; -71.0229; -20.0759; 14.7;Mwr  ;4.7;OFF COAST OF NORTHERN CHILE
2017; 8;12;19;29; 8.00; -68.6651; -21.5172;116.8;mb   ;4.4;CHILE-BOLIVIA BORDER REGION
2017; 8;12;18;23;43.00; 131.1404;  30.0183; 20.9;Mww  ;5.3;KYUSHU, JAPAN
2017; 8;12;18; 9;36.00; 152.9065;  -4.2405; 37.6;Mww  ;5.2;NEW BRITAIN REGION, P.N.G.
2017; 8;12;18; 2;30.00; 120.7000;  13.8349;126.8;mb   ;4.4;MINDORO, PHILIPPINES
2017; 8;12;17;51;21.00; 120.6702;  13.9620;194.0;mb   ;4.8;MINDORO, PHILIPPINES
2017; 8;12;17;46;39.00;  95.0448;  30.5084; 39.6;mb   ;4.2;XIZANG
2017; 8;12;17;10; 1.00;  94.8528;  30.3422; 28.2;mb   ;5.0;XIZANG
2017; 8;12;16; 4;34.00; 139.4730;  27.9938;503.2;mb   ;4.3;BONIN ISLANDS, JAPAN REGION
2017; 8;12;15;59;28.00; -71.0418; -20.0299; 10.0;Mww  ;5.2;OFF COAST OF NORTHERN CHILE
2017; 8;12;14;41;21.00;-151.8612;  55.4012; 10.0;mb   ;4.7;SOUTH OF ALASKA
2017; 8;12;13;53;33.00;-176.0930; -29.6674; 10.0;mb   ;5.1;KERMADEC ISLANDS REGION
2017; 8;12;12;54;13.00; -72.1616; -30.2422;  9.0;Mww  ;5.8;OFF COAST OF CENTRAL CHILE
2017; 8;12;12;46;18.00; 153.5120;  -2.7656; 42.7;mb   ;4.7;NEW IRELAND REGION, P.N.G.
2017; 8;12;12;37; 2.00; 145.2310;  12.3705; 35.0;mb   ;4.5;SOUTH OF MARIANA ISLANDS
2017; 8;12;12; 7;20.00; 123.1813;   4.9809;583.8;mb   ;4.2;CELEBES SEA
2017; 8;12;10;14;33.00; -29.9817; -55.5226; 10.0;mb   ;5.3;SOUTH SANDWICH ISLANDS REGION
2017; 8;12; 9;39;42.00; -71.6405; -30.4232; 34.1;mb   ;4.2;NEAR COAST OF CENTRAL CHILE
2017; 8;12; 8;59;58.00; -67.3873; -24.1373;199.7;mb   ;4.3;CHILE-ARGENTINA BORDER REGION
2017; 8;12; 8;54;26.00; 129.5815;  -2.8817; 41.3;mb   ;4.6;SERAM, INDONESIA
2017; 8;12; 8;34;53.00;-178.2594; -20.7021;577.9;mb   ;4.4;FIJI ISLANDS REGION
2017; 8;12; 7;22;36.00; 130.9922;  -6.2050; 75.8;mb   ;5.0;BANDA SEA
2017; 8;12; 6;43;38.00;-179.8902; -35.2551; 68.1;mb   ;4.1;EAST OF NORTH ISLAND, N.Z.
2017; 8;12; 6;30;45.00; -76.3176; -13.7139; 43.5;mb   ;4.3;NEAR COAST OF PERU
2017; 8;12; 6; 7;34.00;-103.9460;   8.2681; 10.0;mb   ;4.2;NORTHERN EAST PACIFIC RISE
2017; 8;12; 5;53; 9.00;  71.2096;  36.7289;181.2;mb   ;4.0;AFGHANISTAN-TAJIKISTAN BORD REG.
2017; 8;12; 5;31;56.00;-103.9571;   8.2725; 10.0;mb   ;4.4;NORTHERN EAST PACIFIC RISE
2017; 8;12; 4;14;27.00;  74.5870;  39.6066; 36.5;mb   ;4.3;SOUTHERN XINJIANG, CHINA
2017; 8;12; 3; 0;10.00;-118.9173;  38.0602;  9.2;ml   ;4.3;CALIFORNIA-NEVADA BORDER REGION
2017; 8;12; 2;45;49.00; -75.5251;  -8.8914;116.9;mb   ;4.7;CENTRAL PERU
2017; 8;12; 2;37;47.00;  25.7253; -23.5761; 10.0;mb   ;4.8;BOTSWANA
2017; 8;12; 1;17;38.00; -68.7705; -22.5971; 97.7;Mwr  ;4.7;NORTHERN CHILE
2017; 8;11;23;57;10.00; -67.3529; -28.0917;116.5;Mww  ;5.0;LA RIOJA PROVINCE, ARGENTINA
2017; 8;11;23;22;39.00; 120.7109;  13.9033;110.2;mb   ;4.5;MINDORO, PHILIPPINES
2017; 8;11;21;45; 9.00; -73.4804; -16.2933; 41.0;Mww  ;5.6;NEAR COAST OF PERU
2017; 8;11;20;17;57.00; -80.9208;  -5.3029; 54.5;mb   ;4.7;NEAR COAST OF NORTHERN PERU
2017; 8;11;20;16;13.00; 128.9956;  29.7649;206.6;mb   ;4.6;NORTHWEST OF RYUKYU ISLANDS
2017; 8;11;18;54; 6.00; 168.9130; -19.5399; 35.4;mb   ;4.6;VANUATU ISLANDS
2017; 8;11;15;36;14.00; 131.1113;  -6.5533; 61.8;mb   ;5.1;TANIMBAR ISLANDS REG., INDONESIA
2017; 8;11;14;39;16.00;-169.2569;  52.5941; 45.7;mb   ;4.1;FOX ISLANDS, ALEUTIAN ISLANDS
2017; 8;11;13; 3;57.00; -68.2466;  17.9601; 58.0;mb   ;4.2;MONA PASSAGE
2017; 8;11;11;30;57.00; -67.6730; -23.0375;140.1;mb   ;4.3;CHILE-ARGENTINA BORDER REGION
2017; 8;11; 8;53;15.00; -74.0820; -35.2517; 20.8;mb   ;4.2;OFF COAST OF CENTRAL CHILE
2017; 8;11; 7;20;44.00;-177.6120; -20.3024;498.7;mb   ;4.4;FIJI ISLANDS REGION
2017; 8;11; 6;18;17.00;-152.4770;  60.0665; 95.5;ml   ;4.9;SOUTHERN ALASKA
2017; 8;11; 6; 5; 2.00; -67.0026; -23.9835;213.3;mb   ;4.1;CHILE-ARGENTINA BORDER REGION
2017; 8;11; 5;28;25.00; 120.6785;  13.9987;172.0;Mww  ;6.2;MINDORO, PHILIPPINES
2017; 8;11; 4;50;19.00;-178.4669;  51.5925; 16.9;Ml   ;4.0;ANDREANOF ISLANDS, ALEUTIAN IS.
2017; 8;11; 4;31;13.00; -66.8394; -24.1852;170.8;Mww  ;4.7;SALTA PROVINCE, ARGENTINA
2017; 8;11; 3;34;53.00;  92.8043;  13.6390; 25.2;mb   ;4.5;ANDAMAN ISLANDS, INDIA REGION
2017; 8;11; 3;28;33.00;  22.8592;  35.1183; 22.0;mb   ;4.1;CENTRAL MEDITERRANEAN SEA
2017; 8;11; 2;40;35.00;  92.7061;  31.0571; 29.4;mb   ;4.2;XIZANG
2017; 8;11; 2;38;35.00;  15.7812;  39.3484;226.1;mb   ;4.5;SOUTHERN ITALY
2017; 8;11; 2; 4;46.00; 143.0447;  21.6022;293.0;mb   ;4.2;MARIANA ISLANDS REGION
2017; 8;11; 1;58;53.00; 121.4752;  23.2088; 18.1;mb   ;4.5;TAIWAN
2017; 8;11; 1;14;20.00; 179.5933; -37.4946; 10.0;mb   ;4.4;OFF E. COAST OF N. ISLAND, N.Z.
2017; 8;11; 1; 7;19.00; -92.2821;  14.0267; 44.7;mb   ;4.5;NEAR COAST OF CHIAPAS, MEXICO
2017; 8;11; 0;50;17.00; 152.6313;  -4.7559; 35.0;mb   ;4.4;NEW BRITAIN REGION, P.N.G.
2017; 8;10;22;58;44.00;  70.1695;  36.5105;216.9;mb   ;4.0;HINDU KUSH REGION, AFGHANISTAN
2017; 8;10;22;28; 5.00;-163.4501;  53.4706; 11.6;mb   ;4.7;UNIMAK ISLAND REGION, ALASKA
2017; 8;10;21;33;22.00;-178.9384; -25.8953;378.1;mb   ;4.4;SOUTH OF FIJI ISLANDS
2017; 8;10;20; 7;18.00;-177.5633; -20.4598;489.1;mb   ;4.3;FIJI ISLANDS REGION
2017; 8;10;19;27;22.00;-177.6035; -20.7301;401.5;mb   ;4.4;FIJI ISLANDS REGION
2017; 8;10;19; 1;17.00; 126.1973;   0.5780; 10.0;mb   ;4.6;NORTHERN MOLUCCA SEA
2017; 8;10;18;59;34.00;-126.0402;  41.9555; 23.4;Mw   ;4.6;OFF COAST OF NORTHERN CALIFORNIA
2017; 8;10;17;42;56.00; 129.4244;  -7.1226;154.9;mb   ;4.1;BANDA SEA
2017; 8;10;17;30;29.00;  71.2899;  36.5680; 83.5;mb   ;4.5;AFGHANISTAN-TAJIKISTAN BORD REG.
2017; 8;10;17;15;57.00; 154.4850;  -5.4413;114.3;mb   ;4.4;SOLOMON ISLANDS
2017; 8;10;16;51;40.00;-178.0974; -20.0466;601.6;mb   ;4.3;FIJI ISLANDS REGION
2017; 8;10;16;38;12.00; 119.8835;  18.9869; 84.8;mb   ;4.3;PHILIPPINE ISLANDS REGION
2017; 8;10;15;54;47.00;  71.4173;  37.1895;108.4;mb   ;4.2;AFGHANISTAN-TAJIKISTAN BORD REG.
2017; 8;10;15;52; 9.00; 152.9509;  48.4368;137.4;mb   ;4.2;KURIL ISLANDS
2017; 8;10;15;37;20.00; 124.1251;   1.2516;264.7;mb   ;4.6;MINAHASSA PENINSULA, SULAWESI
2017; 8;10;15;34; 5.00; 120.6648;  -1.3716; 39.4;mb   ;4.1;SULAWESI, INDONESIA
2017; 8;10;15; 5;38.00; 140.6849;  35.6440; 43.0;Mwr  ;4.1;NEAR EAST COAST OF HONSHU, JAPAN
2017; 8;10;13;50;14.00;  53.3173;  27.7561; 10.0;mb   ;4.1;SOUTHERN IRAN
2017; 8;10;13;48;29.00; 121.1205;  19.6734; 10.0;mb   ;4.1;PHILIPPINE ISLANDS REGION
2017; 8;10;13;43;52.00;  70.7045;  38.6728; 10.0;mb   ;4.3;AFGHANISTAN-TAJIKISTAN BORD REG.
2017; 8;10;13; 4;26.00; 143.3725;  11.9129; 35.0;mb   ;4.5;SOUTH OF MARIANA ISLANDS
2017; 8;10; 9;53;11.00; -92.3145;  14.7189; 78.2;mb   ;4.3;NEAR COAST OF CHIAPAS, MEXICO
2017; 8;10; 9;51;51.00; -13.5965; -24.9948; 10.0;mb   ;5.3;SOUTHERN MID-ATLANTIC RIDGE
2017; 8;10; 8;52;12.00;-178.4994; -20.4429;567.2;mb   ;4.2;FIJI ISLANDS REGION
2017; 8;10; 7; 7;52.00; 157.3699;  50.5453; 80.5;mb   ;5.1;KURIL ISLANDS
2017; 8;10; 6;46; 0.00; -29.3268;  41.4150; 10.0;mb   ;4.6;AZORES ISLANDS REGION
2017; 8;10; 5;57;18.00; 103.9673;  -8.1657; 10.0;mb   ;5.2;SOUTHWEST OF SUMATRA, INDONESIA
2017; 8;10; 5;29;46.00;  69.2985;  35.4683;104.8;mb   ;4.4;HINDU KUSH REGION, AFGHANISTAN
2017; 8;10; 3;44; 9.00;-134.0510;  54.4735; 15.2;Mwr  ;4.4;QUEEN CHARLOTTE ISLANDS REGION
2017; 8;10; 0;43;19.00; 124.0866;   9.4980;524.6;mb   ;5.0;MINDANAO, PHILIPPINES
2017; 8;10; 0;36;30.00; 140.1416;  35.7086; 61.6;Mww  ;5.1;NEAR EAST COAST OF HONSHU, JAPAN
2017; 8;10; 0;27;26.00;-178.8082; -17.7329;557.1;mb   ;4.2;FIJI ISLANDS REGION
2017; 8;10; 0;15;35.00;-177.2824; -19.9436;386.0;mb   ;4.2;FIJI ISLANDS REGION
2017; 8;10; 0; 7;20.00; 130.0129;  28.3693; 10.0;mb   ;4.3;RYUKYU ISLANDS, JAPAN
2017; 8; 9;22;56;19.00;  27.6401;  36.9338;  9.8;mb   ;4.1;DODECANESE ISLANDS, GREECE
2017; 8; 9;22; 3;17.00; -74.0341;  -3.7161; 10.0;mb   ;4.2;NORTHERN PERU
2017; 8; 9;21;30;16.00; 121.8589;  -7.5498;  8.6;mb   ;5.0;FLORES SEA
2017; 8; 9;21; 5;57.00; 103.8816;  33.3453; 10.0;mb   ;4.6;GANSU, CHINA
2017; 8; 9;19;24;15.00;-178.0427; -19.8167;583.9;mb   ;4.7;FIJI ISLANDS REGION
2017; 8; 9;18;25;45.00;-178.7340; -17.7466;534.6;mb   ;4.4;FIJI ISLANDS REGION
2017; 8; 9;18;16;51.00; 177.3531; -36.5269; 10.0;mb   ;4.3;OFF E. COAST OF N. ISLAND, N.Z.
2017; 8; 9;16;50;31.00; 113.1818; -10.0844; 34.2;mb   ;4.2;SOUTH OF JAVA, INDONESIA
2017; 8; 9;16; 5;35.00; 121.5155;  23.4812; 25.4;mb   ;4.4;TAIWAN
2017; 8; 9;15;47;51.00;  82.7029;  44.3838; 10.0;mb   ;4.4;NORTHERN XINJIANG, CHINA
2017; 8; 9;15;24; 4.00;-177.9819; -30.7124; 35.0;mb   ;4.4;KERMADEC ISLANDS, NEW ZEALAND
2017; 8; 9;14;38;43.00; 166.4636;  55.5056; 10.0;mb   ;4.7;KOMANDORSKIYE OSTROVA REGION
2017; 8; 9;14;24;42.00; 167.8287; -16.2376;197.9;mb   ;4.8;VANUATU ISLANDS
2017; 8; 9;13;49;28.00;-169.0234;  52.4500; 24.0;Ml   ;4.6;FOX ISLANDS, ALEUTIAN ISLANDS
2017; 8; 9;11;46;17.00; 119.3372;  -7.5382;273.2;mb   ;4.1;FLORES SEA
2017; 8; 9;10;50;11.00; 169.7424; -19.4594; 35.4;mb   ;4.6;VANUATU ISLANDS
2017; 8; 9;10;36;39.00; -67.4264; -24.3322;194.3;mb   ;4.2;CHILE-ARGENTINA BORDER REGION
2017; 8; 9; 9;10;32.00; 103.1618;  -4.8056; 57.5;mb   ;4.3;SOUTHERN SUMATRA, INDONESIA
2017; 8; 9; 9; 5;13.00; -92.6844;  14.4507; 41.2;mb   ;4.1;NEAR COAST OF CHIAPAS, MEXICO
2017; 8; 9; 9; 1;52.00; 146.4394;  19.1028;131.9;mb   ;4.3;MARIANA ISLANDS REGION
2017; 8; 9; 7;47; 2.00; 126.2892;   0.6384; 43.4;mb   ;4.7;NORTHERN MOLUCCA SEA
2017; 8; 9; 6;57;55.00;-173.2339; -20.0159; 10.0;mb   ;5.0;TONGA ISLANDS
2017; 8; 9; 5;48;29.00;-169.2016;  52.5437; 41.5;mb   ;5.3;FOX ISLANDS, ALEUTIAN ISLANDS
2017; 8; 9; 5;40;42.00;-169.1886;  52.5671; 47.1;mb   ;5.3;FOX ISLANDS, ALEUTIAN ISLANDS
2017; 8; 9; 5;22;42.00;  82.8448;  44.3329; 20.1;mb   ;4.7;NORTHERN XINJIANG, CHINA
2017; 8; 9; 2;17; 3.00; 103.8070;  33.2437; 10.0;mb   ;4.8;GANSU, CHINA
2017; 8; 9; 1;58;46.00;  44.2475;  38.5537; 10.0;mb   ;4.0;TURKEY-IRAN BORDER REGION
2017; 8; 9; 1;46;36.00; -71.9420; -35.1132; 45.6;Mwr  ;4.5;CENTRAL CHILE
2017; 8; 9; 1;32;51.00; 103.6565;  33.4902; 10.0;mb   ;4.4;GANSU, CHINA
2017; 8; 9; 1;22;18.00; 104.3761;  33.2853; 10.0;mb   ;4.2;GANSU, CHINA
2017; 8; 9; 0;40;20.00;  82.8930;  44.2188; 10.0;mb   ;4.4;NORTHERN XINJIANG, CHINA
2017; 8; 9; 0;29; 5.00; 103.7895;  33.2638; 10.0;mb   ;4.8;GANSU, CHINA
2017; 8; 9; 0;22;37.00;  82.8213;  44.3734; 10.0;mb   ;4.5;NORTHERN XINJIANG, CHINA
2017; 8; 9; 0;10;13.00; 103.9112;  33.1516; 10.0;mb   ;4.4;GANSU, CHINA
2017; 8; 8;23;44;31.00;  82.7899;  44.3590; 10.0;mb   ;5.3;NORTHERN XINJIANG, CHINA
2017; 8; 8;23;39;18.00;  82.7420;  44.3249; 10.0;mb   ;5.2;NORTHERN XINJIANG, CHINA
2017; 8; 8;23;27;53.00;  82.8268;  44.3014; 20.0;Mww  ;6.3;NORTHERN XINJIANG, CHINA
2017; 8; 8;23;23;36.00; -61.4135;  15.0006;173.9;mb   ;4.2;LEEWARD ISLANDS
2017; 8; 8;22;49;33.00; 103.8350;  33.2393; 10.0;mb   ;4.2;GANSU, CHINA
2017; 8; 8;22;26;13.00; 152.3622;  -3.2550;387.7;mb   ;4.4;NEW IRELAND REGION, P.N.G.
2017; 8; 8;21;46;50.00; 172.5364;  52.6769; 39.4;mb   ;5.1;NEAR ISLANDS, ALEUTIAN ISLANDS
2017; 8; 8;21;37;18.00; 103.9507;  33.4574; 10.0;mb   ;4.1;GANSU, CHINA
2017; 8; 8;21;16; 5.00; 103.4146;  33.3986; 10.0;mb   ;4.0;GANSU, CHINA
2017; 8; 8;20;51;42.00; 167.9899; -19.7076; 26.0;mb   ;4.4;VANUATU ISLANDS REGION
2017; 8; 8;20;43;42.00; -72.0903;   6.5362; 49.1;mb   ;5.1;NORTHERN COLOMBIA
2017; 8; 8;19;40;12.00; 167.9964;  54.7947; 26.2;mb   ;4.3;KOMANDORSKIYE OSTROVA REGION
2017; 8; 8;18; 6;52.00; 130.9906;  27.3418; 10.0;mb   ;4.4;RYUKYU ISLANDS, JAPAN
2017; 8; 8;16;41;15.00; 171.4993;  53.2990; 27.1;mb   ;4.4;NEAR ISLANDS, ALEUTIAN ISLANDS
2017; 8; 8;16;35;20.00; 103.7529;  33.0480; 10.0;mb   ;4.7;GANSU, CHINA
2017; 8; 8;15;42;57.00; 168.6943;  54.4749; 10.0;mb   ;4.5;KOMANDORSKIYE OSTROVA REGION
2017; 8; 8;13;19;49.00; 103.8552;  33.1926;  9.0;Mww  ;6.5;GANSU, CHINA
2017; 8; 8;13;12;32.00;-176.8719; -29.3114; 35.0;mb   ;4.4;KERMADEC ISLANDS REGION
2017; 8; 8;11; 4; 1.00; 102.4167;  -5.2743; 36.8;mb   ;4.5;SOUTHERN SUMATRA, INDONESIA
2017; 8; 8; 8;51;39.00; 127.2946;  26.4013; 51.3;mb   ;4.5;RYUKYU ISLANDS, JAPAN
2017; 8; 8; 8;34;11.00; 146.5551;  19.3224; 54.6;mb   ;4.2;MARIANA ISLANDS REGION
2017; 8; 8; 8; 3;41.00; 167.3348; -11.7180;125.4;mb   ;4.3;SANTA CRUZ ISLANDS
2017; 8; 8; 7;42;22.00;  27.5711;  36.9645; 10.0;Mww  ;5.3;DODECANESE ISLANDS, GREECE
2017; 8; 8; 5;49;36.00; 127.2111;  26.4933; 29.9;mb   ;4.9;RYUKYU ISLANDS, JAPAN
